0.39 0.77 0.86 0.95 0.7 0.56 0.04 0.76 0.64 0.05 0.86 0.93     1 0 0 0
0.68 0.4 0.14 0.48 0.03 0.81 0.62 0.65 0.89 0.76 0.13 0.39     0 0 1 0
0.4 0.66 0.08 0.1 0.01 0.61 0.48 0.48 0.02 0.89 0.24 0.82     0 0 0 1
0.57 0.2 0.19 0.79 0.1 0.53 0.63 0.53 0.64 0.29 0.27 0.75     0 0 1 0
0.17 0.63 0.23 0.79 0.55 0.89 0.31 0.61 0.96 0.09 0.12 0.26     0 1 0 0
0.56 0.71 0.87 0.6 0.14 0.32 0.09 0.08 0.95 0.32 0.47 0.21     1 0 0 0
0.14 0.79 0.56 0.2 0.1 0.95 0.08 0.31 0.97 0.76 0.06 0.94     1 0 0 0
0.75 0.29 0.16 0.06 0.62 0.57 0.85 0.52 0.39 0.48 0.88 0.08     0 0 1 0
0.29 0.53 0.65 0.42 0.4 0.01 0.9 0.36 0.88 0.4 0.12 0.55     0 0 1 0
0.02 0.93 0.91 0.81 0.3 0.61 0.07 0.17 0.28 0.91 0.11 0.65     1 0 0 0
0.69 0.07 0.82 0.96 0.45 0.04 0.42 0.26 0.83 0.14 0.83 0.06     0 0 0 1
0.34 0.72 0.71 0.85 0.08 0.45 0.24 0.84 0.03 0.99 0.1 0.82     1 0 0 0
0.43 0.76 0.44 0.02 0.24 0.87 0.2 0.04 0.99 0.51 0.11 0.75     1 0 0 0
0.57 0.4 0.29 0.12 0.28 0.88 0.21 0.02 0.38 0.2 0.64 0.7     0 1 0 0
0.3 0.36 0.14 0.84 0.68 0.12 0.4 0.5 0.19 0.21 0.43 0.61     0 0 1 0
1.0 0.86 0.18 0.75 0.76 0.16 0.39 0.22 0.51 0.02 0.01 0.76     1 0 0 0
0.71 0.67 0.75 0.14 0.13 0.04 0.08 0.92 0.73 0.58 0.67 0.38     1 0 0 0
0.4 0.19 0.03 0.89 0.05 0.33 0.24 0.7 0.07 0.86 0.19 0.25     0 0 0 1
0.02 0.21 0.46 0.24 0.66 0.25 0.78 0.47 0.7 0.02 0.57 0.36     0 0 1 0
0.7 0.41 0.57 0.52 0.17 0.14 0.04 0.02 0.59 0.92 0.88 0.08     0 0 0 1
0.52 0.84 0.35 0.23 0.77 0.02 0.64 0.13 0.84 0.44 0.79 0.24     0 0 0 1
0.18 0.81 0.41 0.96 0.93 0.63 0.42 0.58 0.09 0.08 0.82 0.77     0 1 0 0
0.31 0.53 0.86 0.4 0.39 0.16 0.69 0.57 0.5 0.22 0.77 0.75     1 0 0 0
0.06 0.04 0.95 0.64 0.18 0.45 0.67 0.13 0.86 0.05 0.53 0.07     1 0 0 0
0.88 0.84 0.32 0.81 0.14 0.36 0.62 0.29 0.74 0.53 0.97 0.96     0 0 0 1
0.35 0.2 0.95 0.55 0.06 0.25 0.71 0.24 0.13 0.65 0.38 0.26     1 0 0 0
0.72 0.15 0.36 0.89 0.4 0.45 0.69 0.72 0.25 0.27 0.88 0.86     0 0 1 0
0.34 0.21 0.35 0.16 0.25 0.36 0.56 0.44 0.88 0.51 0.87 0.49     0 0 0 1
0.02 0.91 0.15 0.92 0.12 0.64 0.73 0.7 0.29 0.76 0.81 0.04     0 0 0 1
0.52 0.68 0.84 0.33 0.4 0.21 0.84 0.22 0.14 0.33 0.38 0.97     1 0 0 0
0.93 0.74 0.14 0.59 0.59 0.37 0.94 0.63 0.01 0.42 0.93 0.34     0 0 1 0
0.6 0.96 0.18 0.94 0.21 0.03 0.46 0.82 0.28 0.95 0.66 0.39     0 0 0 1
0.59 0.31 0.18 0.64 0.19 0.4 0.06 0.95 0.45 0.29 0.71 0.76     0 0 1 0
0.38 0.99 0.63 0.78 0.38 0.64 0.64 0.5 0.3 0.41 0.9 0.68     1 0 0 0
0.19 0.99 0.5 0.28 0.44 0.04 0.22 0.65 0.24 0.98 0.53 0.86     0 0 0 1
0.12 0.29 0.58 0.86 0.22 0.9 0.88 0.72 0.5 0.56 0.74 0.93     0 0 1 0
0.5 0.62 0.01 0.31 0.41 0.33 0.94 0.76 0.32 0.96 0.33 0.93     0 0 1 0
0.95 0.48 0.59 0.39 0.89 0.07 0.16 0.95 0.14 0.49 0.45 0.11     0 0 1 0
0.74 0.36 0.12 0.28 0.23 0.72 0.78 0.33 0.01 0.54 0.24 0.01     0 0 1 0
0.23 0.96 0.82 0.12 0.46 0.03 0.41 0.46 0.39 0.46 0.69 0.24     1 0 0 0
0.3 0.28 0.19 0.86 0.22 0.37 0.85 0.64 0.76 0.94 0.95 0.18     0 0 0 1
0.67 0.04 0.01 0.27 0.38 0.73 0.7 0.93 0.46 0.78 0.31 0.68     0 0 1 0
0.74 0.82 0.25 0.97 0.72 0.91 0.15 0.2 0.19 0.86 0.48 0.62     0 1 0 0
0.18 0.79 0.53 0.9 0.68 0.35 0.39 0.8 0.05 0.83 0.64 0.31     0 0 0 1
0.43 0.14 0.58 0.24 0.67 0.42 0.07 0.65 0.52 0.78 0.99 0.22     0 0 0 1
0.83 0.3 0.38 0.16 0.1 0.03 0.68 0.68 0.21 0.48 0.69 0.72     0 0 1 0
0.75 0.56 0.13 0.12 0.17 0.99 0.54 0.32 0.22 0.85 0.98 0.06     0 0 0 1
0.57 0.7 0.41 0.95 0.45 0.61 0.9 0.46 0.47 0.57 0.63 0.54     0 0 1 0
0.96 0.65 0.94 0.94 0.37 0.8 0.37 0.28 0.51 1.0 0.14 0.48     1 0 0 0
0.43 0.25 0.13 0.86 0.85 0.08 0.94 0.5 0.38 0.21 0.86 0.95     0 0 1 0
0.94 0.4 0.55 0.26 0.96 0.85 0.36 0.6 0.73 0.71 0.84 0.94     0 1 0 0
0.61 0.24 0.74 0.84 0.03 0.62 0.99 0.64 0.88 0.37 0.89 0.43     0 0 1 0
0.62 0.16 0.81 0.08 0.98 0.87 0.95 0.27 0.74 0.8 0.98 0.88     0 1 0 0
0.28 0.25 0.42 0.73 0.73 0.96 0.97 0.67 0.6 0.31 0.01 0.7     0 1 0 0
0.41 0.4 0.46 0.57 0.92 0.79 0.95 0.06 0.13 0.06 0.68 0.11     0 1 0 0
0.22 0.21 0.71 0.06 0.99 0.86 0.42 0.67 0.96 0.47 0.73 0.45     0 1 0 0
0.08 0.4 0.66 0.55 0.18 0.16 0.22 0.86 0.02 0.63 0.01 0.62     0 0 1 0
0.05 0.17 0.31 0.76 0.74 0.93 0.09 0.44 0.02 0.6 0.48 0.16     0 1 0 0
0.32 0.99 0.1 0.03 0.33 0.46 0.68 0.42 0.87 0.99 0.44 0.14     0 0 0 1
0.64 0.63 0.57 0.96 0.03 0.69 0.53 0.35 0.18 0.46 0.18 0.25     1 0 0 0
0.92 0.05 0.78 0.14 0.53 0.09 0.36 0.87 0.44 0.58 0.53 0.4     0 0 1 0
0.54 0.94 0.96 0.1 0.32 0.06 0.65 0.92 0.54 0.01 0.72 0.86     1 0 0 0
0.76 0.6 0.87 0.8 0.11 0.81 0.89 0.64 0.04 0.93 0.84 0.59     0 0 0 1
0.17 0.3 0.99 0.58 0.79 0.72 0.92 0.73 0.01 0.94 0.29 0.49     0 0 1 0
0.75 0.06 0.7 0.77 0.44 0.19 0.59 0.5 0.19 0.0 0.66 0.38     0 0 1 0
0.46 0.03 0.99 0.41 0.02 0.77 0.73 0.45 0.71 0.91 0.97 0.91     0 0 0 1
0.66 0.53 0.11 0.09 0.64 0.15 0.44 0.47 0.58 0.02 0.56 0.61     0 0 1 0
0.1 0.56 0.15 0.47 0.35 0.05 0.01 0.17 0.81 0.89 0.91 0.2     0 0 0 1
0.36 0.0 0.77 0.08 0.23 0.16 0.66 0.86 0.34 0.66 0.53 0.7     0 0 1 0
0.35 0.42 0.13 0.23 0.02 0.24 0.87 0.71 0.65 0.29 0.68 0.8     0 0 1 0
0.9 0.61 0.4 0.94 0.3 0.9 0.71 0.99 0.1 0.36 0.59 0.88     0 0 1 0
0.1 0.97 0.54 0.36 0.87 0.39 0.75 0.08 0.5 0.93 0.34 0.31     1 0 0 0
0.93 0.79 0.26 0.1 0.22 0.41 0.01 0.45 0.53 0.38 0.48 0.5     1 0 0 0
0.46 0.08 0.53 0.16 0.16 0.87 0.91 0.96 0.83 0.11 0.96 0.84     0 0 1 0
0.65 0.89 0.06 0.71 0.6 0.62 0.45 0.75 0.25 0.23 0.35 0.77     0 1 0 0
0.48 0.17 0.33 0.09 0.6 0.38 0.05 0.77 0.46 0.09 0.07 0.81     0 1 0 0
0.56 0.41 0.36 0.81 0.04 0.91 0.56 0.29 0.75 0.08 0.61 0.7     0 1 0 0
0.89 0.21 0.7 0.77 0.64 0.07 0.89 0.86 0.68 0.24 0.86 0.51     0 0 1 0
0.57 0.36 0.96 0.24 0.57 0.35 0.69 0.02 0.05 0.25 0.63 0.37     1 0 0 0
0.16 0.09 0.93 0.23 0.09 0.61 0.57 0.03 0.19 0.53 0.63 0.66     0 0 0 1
0.74 0.54 0.62 0.66 0.65 0.25 0.1 0.32 0.67 0.47 0.27 0.06     1 0 0 0
0.14 0.62 0.7 0.37 0.67 0.11 0.6 0.9 0.31 0.09 0.99 0.22     0 0 1 0
0.23 0.52 0.92 0.81 0.65 0.41 0.74 0.17 0.57 0.02 0.28 0.67     1 0 0 0
0.26 0.13 0.05 0.38 0.38 0.97 0.14 0.59 0.65 0.43 0.19 0.39     0 1 0 0
0.61 0.18 0.86 0.45 0.94 0.52 0.7 0.28 0.15 0.95 0.19 0.05     0 1 0 0
0.8 0.89 0.14 0.02 0.6 0.86 0.3 0.38 0.77 0.73 0.91 0.37     0 0 0 1
0.16 0.2 0.13 0.6 0.42 0.08 0.98 0.28 0.04 0.73 0.22 0.05     0 0 1 0
0.65 0.15 0.39 0.84 0.54 0.58 0.8 0.54 0.42 0.05 0.46 0.07     0 0 1 0
0.93 0.79 0.64 0.18 0.75 0.31 0.76 0.18 0.92 0.47 0.22 0.85     1 0 0 0
0.28 0.47 0.18 0.58 0.34 0.61 0.56 0.45 0.67 0.99 0.38 0.65     0 0 0 1
0.14 0.09 0.47 0.17 0.78 0.99 0.71 0.46 0.13 0.74 0.38 0.93     0 1 0 0
0.83 0.34 0.71 0.46 0.8 0.31 0.2 0.34 0.97 0.43 0.95 0.04     0 0 0 1
0.19 0.35 0.65 0.69 0.65 0.9 0.36 0.09 0.55 0.35 0.17 0.38     0 1 0 0
0.67 0.64 0.46 0.54 0.25 0.3 0.42 0.72 0.04 0.05 0.15 0.95     0 0 1 0
0.75 0.66 0.77 0.01 0.46 0.99 0.74 0.49 0.04 0.23 0.43 0.12     0 1 0 0
0.08 0.29 1.0 0.58 0.11 0.66 0.07 0.03 0.8 0.62 0.84 0.65     0 0 0 1
0.4 0.48 0.84 0.24 0.0 0.4 0.31 0.92 0.25 0.33 0.05 0.04     1 0 0 0
0.99 0.06 0.7 0.97 0.53 0.81 0.13 0.28 0.9 0.39 0.23 0.35     0 1 0 0
0.28 0.66 0.1 0.43 0.98 0.85 0.02 0.74 0.57 0.25 0.51 0.37     0 1 0 0
0.62 0.79 0.96 0.51 0.97 0.47 0.78 0.6 0.14 0.1 0.77 0.72     1 0 0 0
0.25 0.57 0.9 0.29 0.9 0.59 0.89 0.25 0.04 0.34 0.56 0.83     0 1 0 0
0.7 0.38 0.45 0.93 0.05 0.26 0.33 0.37 0.71 0.1 0.5 0.09     1 0 0 0
0.57 0.29 0.93 0.27 0.42 0.17 0.77 0.52 0.44 0.91 0.33 0.04     0 0 1 0
0.26 0.3 0.98 0.01 0.77 0.74 0.24 0.94 0.51 0.84 0.47 0.71     0 1 0 0
0.94 0.4 0.64 0.27 0.16 0.59 0.14 0.53 0.32 0.76 0.01 0.79     1 0 0 0
0.09 0.95 0.19 0.89 0.06 0.32 0.37 0.83 0.81 0.96 0.23 0.45     0 0 1 0
0.25 0.7 0.62 0.05 0.68 0.17 0.88 0.27 0.44 0.55 0.31 0.93     1 0 0 0
0.9 0.04 0.44 0.55 0.0 0.64 0.73 0.62 0.38 0.26 0.03 0.67     0 0 1 0
0.74 0.89 0.21 0.96 0.53 0.52 0.4 0.22 0.08 0.3 0.62 0.09     1 0 0 0
0.8 0.93 0.73 0.39 0.11 0.11 0.04 0.19 0.5 0.79 0.93 0.87     0 0 0 1
0.54 0.38 0.49 0.71 0.95 0.39 0.3 0.32 0.16 0.95 0.62 0.68     0 0 0 1
0.7 0.06 0.79 0.45 0.15 0.37 0.38 0.33 0.62 0.94 0.09 0.44     0 0 0 1
0.95 0.78 0.27 0.79 0.59 0.03 0.22 0.56 0.95 0.44 0.11 0.17     1 0 0 0
0.86 0.02 0.62 0.73 0.3 0.13 0.11 0.06 0.3 0.97 0.53 0.91     0 0 0 1
0.65 0.73 0.62 0.03 0.77 0.47 0.14 0.97 0.48 0.1 0.34 0.33     1 0 0 0
0.79 0.93 0.04 0.12 0.0 0.45 0.41 0.09 0.59 0.95 0.42 0.8     0 0 0 1
0.09 0.49 0.62 0.3 0.11 0.14 0.05 0.15 0.09 0.4 0.05 0.64     1 0 0 0
0.78 0.73 0.11 0.41 0.58 0.22 0.28 0.01 0.65 0.11 0.8 0.78     0 0 0 1
0.22 0.78 0.03 0.24 0.71 0.37 0.26 0.32 0.96 0.12 0.08 0.9     0 1 0 0
0.02 0.79 0.36 0.06 0.82 0.6 0.27 0.13 0.98 0.97 0.6 0.37     0 0 0 1
0.37 0.46 0.76 0.4 0.92 0.89 0.15 0.49 0.58 0.95 0.14 0.04     0 1 0 0
0.62 0.01 0.79 0.8 0.77 0.69 0.44 0.27 0.02 0.28 0.48 0.47     0 1 0 0
0.61 0.81 0.82 0.67 0.66 0.87 0.76 0.03 0.82 0.11 0.78 0.01     1 0 0 0
0.89 0.87 0.04 0.21 0.53 0.46 0.36 0.3 0.81 0.77 0.76 0.57     0 0 0 1
0.67 0.66 0.52 0.27 0.41 0.59 0.7 0.18 0.68 0.42 0.71 0.56     1 0 0 0
0.15 0.5 0.84 0.11 0.44 0.96 0.49 0.91 0.16 0.33 0.69 0.84     0 1 0 0
0.77 0.49 0.57 0.22 0.28 0.26 0.73 0.76 0.3 0.29 0.48 0.14     0 0 1 0
0.77 0.81 0.05 1.0 0.84 0.56 0.99 0.5 0.14 0.57 0.58 0.96     0 0 1 0
0.68 0.12 0.65 0.05 0.31 0.95 0.15 0.41 0.26 0.95 0.9 0.24     0 0 0 1
0.5 0.82 0.8 0.62 0.92 0.35 0.99 0.29 0.02 0.14 0.43 0.16     1 0 0 0
0.08 0.59 0.97 0.04 0.91 0.31 0.02 0.29 0.41 0.55 0.36 0.76     1 0 0 0
0.11 0.34 0.77 0.01 0.08 0.42 0.67 0.12 0.48 0.43 0.04 0.7     1 0 0 0
0.96 0.65 1.0 0.6 0.33 0.11 0.11 0.87 0.21 0.6 0.33 0.5     1 0 0 0
0.86 0.59 0.08 0.86 0.08 0.91 0.41 0.87 0.64 0.88 0.23 0.93     0 0 1 0
0.44 0.51 0.5 0.83 0.34 0.08 0.94 0.37 0.38 0.25 0.32 0.56     0 0 1 0
0.11 0.17 0.86 0.19 0.99 0.69 0.97 0.9 0.83 0.7 0.6 0.94     0 0 1 0
0.05 0.12 0.78 0.03 0.86 0.39 0.46 0.46 0.61 0.06 0.3 0.7     0 1 0 0
0.12 0.15 0.59 0.15 0.51 0.55 0.75 0.84 0.78 0.54 0.37 0.94     0 0 1 0
0.35 0.25 0.72 0.5 0.87 0.33 0.16 0.76 0.45 0.13 0.86 0.66     0 1 0 0
0.18 0.08 0.17 0.03 0.98 0.7 0.55 0.41 0.01 0.11 0.87 0.46     0 1 0 0
0.77 0.91 0.98 0.75 0.75 0.48 0.43 0.08 0.03 0.95 0.77 0.31     1 0 0 0
0.67 0.21 0.36 0.56 0.37 0.57 0.85 0.07 0.42 0.42 0.25 0.0     0 1 0 0
0.98 0.33 0.31 0.2 0.72 0.24 0.3 0.16 0.71 0.33 0.03 0.16     0 1 0 0
0.03 0.7 0.25 0.11 0.31 0.83 0.03 0.19 0.51 0.03 0.84 0.8     0 1 0 0
0.51 0.5 0.78 0.25 0.81 0.16 0.77 0.65 0.21 0.98 0.65 0.9     0 0 0 1
0.51 0.81 0.99 0.49 0.07 0.53 0.63 0.28 0.17 0.31 0.66 0.79     1 0 0 0
0.26 0.0 0.09 0.89 0.89 0.93 0.79 0.89 0.11 0.04 0.8 0.79     0 1 0 0
0.36 0.34 0.84 0.97 0.4 0.51 0.8 0.25 0.16 0.1 0.23 0.76     1 0 0 0
0.1 0.17 0.87 0.86 0.79 0.86 0.4 0.04 0.97 0.53 0.24 0.76     0 1 0 0
0.56 0.3 0.22 0.09 0.43 0.2 0.03 0.52 0.27 0.47 0.09 0.58     0 1 0 0
0.59 0.71 0.58 1.0 0.65 1.0 0.13 0.52 0.9 0.43 0.02 0.35     0 1 0 0
0.39 0.92 0.29 0.14 0.3 0.86 0.04 0.4 0.41 0.19 0.65 0.96     1 0 0 0
0.44 0.46 0.68 0.24 0.74 0.64 0.05 0.49 0.09 0.29 0.73 0.24     0 1 0 0
0.83 0.42 0.97 0.48 0.03 0.71 0.51 0.38 0.83 0.74 0.52 0.01     1 0 0 0
0.73 0.5 0.86 0.85 0.62 0.91 0.66 0.92 0.12 0.61 0.79 0.13     0 0 1 0
0.75 0.87 0.06 0.93 0.73 0.27 0.45 0.65 0.73 0.23 0.57 0.81     0 0 1 0
0.14 0.77 0.07 0.22 0.04 0.47 0.75 0.89 0.6 0.19 0.14 0.86     0 0 1 0
0.67 0.4 0.78 0.43 0.92 0.33 0.2 0.39 0.3 0.33 0.13 0.08     0 1 0 0
0.86 0.14 0.75 0.87 0.91 0.13 0.33 0.28 0.92 0.89 0.12 0.64     0 1 0 0
0.44 0.46 0.42 0.06 0.47 0.28 0.5 0.65 0.73 0.72 0.27 0.2     0 0 1 0
0.84 0.08 0.12 0.43 0.64 0.8 0.36 0.85 0.62 0.54 0.17 0.77     0 1 0 0
0.45 0.87 0.35 0.78 0.91 0.53 0.21 0.65 0.51 0.11 0.79 0.96     0 1 0 0
0.98 0.75 0.58 0.77 0.81 0.23 0.23 0.1 0.72 0.7 0.95 0.26     0 0 0 1
0.87 0.08 0.23 0.49 0.99 0.76 0.21 0.0 0.95 0.59 0.19 0.64     0 1 0 0
0.81 0.02 0.79 0.69 0.17 0.78 0.27 0.37 0.69 0.32 0.79 0.37     0 0 0 1
0.29 0.02 0.61 0.07 0.06 0.21 0.73 0.63 0.6 0.55 0.53 0.44     0 0 1 0
0.12 0.56 0.14 0.24 0.18 0.39 0.74 0.29 0.63 0.69 0.98 0.7     0 0 0 1
0.27 0.3 0.42 0.97 0.48 0.2 0.72 0.67 0.26 0.96 0.55 0.71     0 0 0 1
0.12 0.49 0.79 0.16 0.01 0.68 0.12 0.77 0.39 0.99 0.54 0.81     0 0 0 1
0.74 0.04 0.67 0.88 0.16 0.11 0.73 0.6 0.82 0.54 0.24 0.94     0 0 1 0
0.97 0.96 0.5 0.83 0.18 0.0 0.63 0.88 0.52 0.13 0.05 0.29     0 0 1 0
0.85 0.8 0.32 0.01 0.76 0.46 0.2 0.06 0.37 0.98 0.05 0.07     0 1 0 0
0.49 0.71 0.9 0.7 0.48 0.48 0.13 1.0 0.42 0.06 0.83 0.93     1 0 0 0
0.44 0.13 0.42 0.0 0.16 0.02 0.52 0.29 0.96 0.66 0.19 0.58     0 0 0 1
0.92 0.81 0.78 0.03 0.32 0.32 0.53 0.83 0.8 0.49 0.77 0.54     1 0 0 0
0.65 0.45 0.21 0.43 0.67 0.47 0.92 0.44 0.15 0.52 0.92 0.35     0 0 0 1
0.58 0.26 0.47 0.97 0.7 0.4 0.33 0.49 0.66 0.64 0.8 0.89     0 0 0 1
0.26 0.32 0.65 0.49 0.09 0.22 0.52 0.54 0.87 0.86 0.24 0.6     0 0 0 1
0.65 0.94 0.12 0.75 0.83 0.4 0.41 0.02 0.66 0.74 0.78 0.56     0 0 0 1
0.82 0.21 0.69 0.79 0.04 0.64 0.4 0.66 0.34 0.75 0.79 0.66     0 0 0 1
0.31 0.62 0.06 0.21 0.87 0.02 0.88 0.36 0.82 0.42 0.49 0.28     0 0 1 0
0.44 0.09 0.1 0.97 0.82 0.1 0.92 0.19 0.36 0.44 0.84 0.17     0 0 0 1
0.83 0.2 0.44 0.74 0.81 0.71 0.2 0.54 0.34 0.03 0.84 0.12     0 1 0 0
0.84 0.55 0.65 0.07 0.2 0.06 0.98 0.49 0.18 0.72 0.15 0.63     0 0 1 0
0.42 0.29 0.2 0.63 0.92 0.39 0.23 0.34 0.69 0.93 0.38 0.71     0 1 0 0
0.65 0.41 0.65 0.01 0.45 0.17 0.07 0.42 0.39 0.81 0.08 0.45     1 0 0 0
0.36 0.37 0.67 0.58 0.71 0.18 0.6 0.69 0.86 0.48 0.61 0.6     0 0 1 0
0.96 0.53 0.96 0.62 0.65 0.62 0.42 0.92 0.92 0.35 0.21 0.08     1 0 0 0
0.59 0.29 0.85 0.14 0.79 0.93 0.71 0.98 0.0 0.99 0.49 0.13     0 1 0 0
0.08 0.7 0.6 0.36 0.69 0.75 0.86 0.26 0.53 0.48 0.51 0.25     0 1 0 0
0.38 0.95 0.53 0.36 0.08 0.52 0.63 0.29 0.03 0.4 0.77 0.0     1 0 0 0
0.78 0.9 0.24 0.27 0.51 0.64 0.09 0.32 0.13 0.68 0.57 0.86     0 0 0 1
0.49 0.9 0.11 0.42 0.9 0.32 0.97 0.91 0.64 0.71 0.69 0.3     0 0 1 0
