0,01 0,01 0,01 0,01 0,01 0,01 0,01 0,01 0,01 0,01 0,01 0,01 
0,01 0,01 0,01 0,01 0,01 0,01 0,01 0,01 0,01 0,01 0,01 0,01 
0,01 0,01 0,01 0,01 0,01 0,01 0,01 0,01 0,01 0,01 0,01 0,01 
0,01 0,01 0,01 0,01 0,01 0,01 0,01 0,01 0,01 0,01 0,01 0,01 
0,01 0,01 0,01 0,01 0,01 0,01 0,01 0,01 0,01 0,01 0,01 0,01 
0,01 0,01 0,01 0,01 0,01 0,01 0,01 0,01 0,01 0,01 0,01 0,01 
0,01 0,01 0,01 0,01 0,01 0,01 0,01 0,01 0,01 0,01 0,01 0,01 
0,01 0,01 0,01 0,01 0,01 0,01 0,01 0,01 0,01 0,01 0,01 0,01 
0,01 0,01 0,01 0,01 0,01 0,01 0,01 0,01 0,01 0,01 0,01 0,01 
0,01 0,01 0,01 0,01 0,01 0,01 0,01 0,01 0,01 0,01 0,01 0,01 
0,01 0,01 0,01 0,01 0,01 0,01 0,01 0,01 0,01 0,01 0,01 0,01 
0,01 0,01 0,01 0,01 0,01 0,01 0,01 0,01 0,01 0,01 0,01 0,01 
0,0448210220268756 0,0416468497027141 0,0185939814310256 0,0402302995052238 
0,148487469162534 -0,00837762906672791 0,00315205230745812 0,00239385036391417 
0,19116664989297 0,0337979891823661 -0,00460332607079342 0,0162782783566575 
0,0227929627406449 0,00715550601047547 0,0303680949036549 0,0169188571614173 
-0,0163146543381499 0,168672432891488 0,00543486083533571 -0,0243137016982589 
0,015423523579161 0,138095633878427 -0,0450566227657044 0,017032529953234 
0,00850287390184561 0,0246100789907247 0,140218894546527 0,0244858046146651 
0,00468993821128422 0,0407031404005274 0,146197438117298 0,000603528142719516 
0,0317628677440911 0,0510296564926832 0,0460627029143082 0,0429572292111857 
0,0229936225863927 0,0201483160961039 0,0280895077061319 0,131249744995654 
-0,0276777161610177 -0,0532656731101118 0,0115414718431477 0,120450238730274 
0,059319674428625 0,0390219296527047 -0,0069259424289707 0,0572746559395625 
