0.096 0.0615 0.092 0.0888 0.0323 0.0347 0.0895 0.044 0.0409 0.0219 0.0636 0.0485 
0.042 0.0041 0.0271 0.0174 0.0214 0.0041 0.0263 0.0298 0.0856 0.0367 0.0082 0.0753 
0.066 0.0401 0.0983 0.0803 0.0851 0.0546 0.0031 0.0587 0.0559 0.0675 0.0887 0.0626 
0.0714 0.097 0.0346 0.0132 0.0205 0.0187 0.0263 0.0286 0.0347 0.0268 0.0305 0.0084 
0.0326 0.0437 0.0468 0.0248 0.0793 0.0584 0.0444 0.0952 0.0124 0.0377 0.049 0.0224 
0.0137 0.0044 0.0566 0.0595 0.042 0.0637 0.0688 0.0828 0.0807 0.009 0.0155 0.0919 
0.0697 0.0104 0.0097 0.0036 0.0638 0.0362 0.0225 0.0159 0.0717 0.0166 0.0413 0.0116 
0.0089 0.0763 0.0553 0.0924 0.0952 0.0317 0.0213 0.0746 0.089 0.0599 0.0288 0.0331 
0.066 0.043 0.0723 0.0011 0.0466 0.0411 0.0153 0.0269 0.0314 0.0658 0.0662 0.0565 
0.0028 0.0136 0.0762 0.0989 0.0603 0.0503 0.0597 0.0204 0.0221 0.01 0.0004 0.035 
0.0327 0.032 0.0169 0.0545 0.0028 0.0369 0.0156 0.091 0.0786 0.03 0.0487 0.0894 
0.005 0.0204 0.0556 0.0109 0.0434 0.01 0.088 0.0956 0.0228 0.0002 0.0638 0.0925 
0.04482 0.04165 0.03048 0.04023 
0.14849 -0.00838 -0.00567 0.00239 
0.19117 0.0338 -0.0083 0.01628 
0.02279 0.00716 0.03944 0.01692 
-0.01631 0.16867 -0.00245 -0.02431 
0.01542 0.1381 -0.01993 0.01703 
0.0085 0.02461 0.13176 0.02449 
0.00469 0.0407 0.14495 0.0006 
0.03176 0.05103 0.03291 0.04296 
0.02299 0.02015 0.03052 0.13125 
-0.02768 -0.05327 -0.00184 0.12045 
0.05932 0.03902 0.00409 0.05727 
