0.01000   0.01000   0.01000   0.01000   0.01000   0.01000   0.01000   0.01000   0.01000   0.01000   0.01000   0.01000   
0.01000   0.01000   0.01000   0.01000   0.01000   0.01000   0.01000   0.01000   0.01000   0.01000   0.01000   0.01000   
0.01000   0.01000   0.01000   0.01000   0.01000   0.01000   0.01000   0.01000   0.01000   0.01000   0.01000   0.01000   
0.01000   0.01000   0.01000   0.01000   0.01000   0.01000   0.01000   0.01000   0.01000   0.01000   0.01000   0.01000   
0.01000   0.01000   0.01000   0.01000   0.01000   0.01000   0.01000   0.01000   0.01000   0.01000   0.01000   0.01000   
0.01000   0.01000   0.01000   0.01000   0.01000   0.01000   0.01000   0.01000   0.01000   0.01000   0.01000   0.01000   
0.01000   0.01000   0.01000   0.01000   0.01000   0.01000   0.01000   0.01000   0.01000   0.01000   0.01000   0.01000   
0.01000   0.01000   0.01000   0.01000   0.01000   0.01000   0.01000   0.01000   0.01000   0.01000   0.01000   0.01000   
0.01000   0.01000   0.01000   0.01000   0.01000   0.01000   0.01000   0.01000   0.01000   0.01000   0.01000   0.01000   
0.01000   0.01000   0.01000   0.01000   0.01000   0.01000   0.01000   0.01000   0.01000   0.01000   0.01000   0.01000   
0.01000   0.01000   0.01000   0.01000   0.01000   0.01000   0.01000   0.01000   0.01000   0.01000   0.01000   0.01000   
0.01000   0.01000   0.01000   0.01000   0.01000   0.01000   0.01000   0.01000   0.01000   0.01000   0.01000   0.01000   

0.00100   0.00100   0.00100   0.00100   
0.00100   0.00100   0.00100   0.00100   
0.00100   0.00100   0.00100   0.00100   
0.00100   0.00100   0.00100   0.00100   
0.00100   0.00100   0.00100   0.00100   
0.00100   0.00100   0.00100   0.00100   
0.00100   0.00100   0.00100   0.00100   
0.00100   0.00100   0.00100   0.00100   
0.00100   0.00100   0.00100   0.00100   
0.00100   0.00100   0.00100   0.00100   
0.00100   0.00100   0.00100   0.00100   
0.00100   0.00100   0.00100   0.00100   
