0.05346   0.09425   0.04425   0.05832   0.04751   0.06756   0.05711   0.05833   0.05921   0.05712   0.05831   0.05131   
0.08897   0.10154   0.08394   0.09994   0.11963   0.11994   0.08964  0.10794   0.11348   0.09994   0.08979   0.11994   
0.06707   0.06107   0.07347   0.07487   0.07127   0.07437   0.07157   0.07507   0.08547   0.06431   0.07648   0.07711   
-0.07483   -0.06423   -0.04531   -0.02151   -0.02211   -0.01531   -0.02464   -0.02543   -0.02726   -0.02723   -0.03766   -0.02525   
0.09068   0.04993   0.09073   0.09073   0.04992   0.09073   0.09068   0.09073   0.04753   0.04991   0.04993   0.04783   
0.01893   0.01893   0.01893   0.01893   0.01892   0.01893   0.01897   0.01892   0.01893   0.01893   0.01894   0.01892   
0.08459   0.07933   0.07933   0.07934   0.07934   0.08459   0.07933   0.07933   0.07933   0.07933   0.07934   0.07933   
0.03470   0.03470   0.03470   0.03470   0.03470   0.03470   0.03471   0.03470   0.03471   0.03470   0.03796   0.03470   
-0.00665   -0.00665   0.11234   -0.00645   0.11236   0.11236   -0.00644   -0.00644   -0.00665   -0.00644   0.11235   0.11236   
0.03092   0.04052   0.02174   0.03254   0.04092   0.04092   0.04092   0.04092   0.04179   0.04092   0.04092   0.04093   
0.10076   0.11218   0.09218   0.10008   0.12218   0.12218   0.12218   0.12218   0.12076   0.12218   0.12218   0.12218   
0.03537   0.05542   0.04542   0.02537   0.05542   0.05542   0.05540   0.05543   0.05539   0.05537   0.05537   0.05536   

0.06106   0.02906   0.03284   0.03619   
0.15397   -0.03182   -0.04177   -0.01752   
0.14315   0.01427   0.00903   -0.04272   
-0.02392   -0.09902   0.04689   -0.01201   
-0.01377   0.19446   -0.03364   -0.01168   
0.01560   0.20251   0.05697   -0.05717   
-0.01400   -0.01695   0.21389   -0.03925   
-0.01838   -0.02835   0.13309   -0.00771   
0.04909   0.04550   0.030520   0.01090   
-0.06393   -0.00011   -0.02321   0.27758   
0.01523   -0.03055   -0.03512   0.20404   
0.00368   0.05500   0.02314   -0.00089   
