0.09659   0.06199   0.09262   0.08930   0.03288   0.03528   0.09002   0.04459   0.04147   0.02242   0.06418   0.04907   
0.04232   0.00437   0.02744   0.01767   0.02172   0.00442   0.02658   0.03012   0.08591   0.03698   0.00851   0.07561   
0.06647   0.04048   0.09879   0.08070   0.08556   0.05506   0.00351   0.05916   0.05635   0.06791   0.08915   0.06305   
0.07183   0.09735   0.03505   0.01357   0.02092   0.01912   0.02668   0.02903   0.03512   0.02718   0.03092   0.00882   
0.04972   0.05848   0.06433   0.04022   0.09683   0.07549   0.06057   0.11248   0.02934   0.05394   0.06564   0.03960   
0.03201   0.02017   0.07536   0.07595   0.06071   0.08196   0.08604   0.10126   0.09879   0.02632   0.03329   0.11026   
0.08682   0.02518   0.02723   0.01902   0.08133   0.05329   0.03867   0.03318   0.08864   0.03284   0.05794   0.02880   
0.02747   0.09229   0.07433   0.10908   0.11418   0.05022   0.03878   0.09332   0.10735   0.07746   0.04684   0.05172   
0.06649   0.04340   0.07281   0.00151   0.04708   0.04158   0.01572   0.02738   0.03187   0.06623   0.06667   0.05697   
0.02085   0.02915   0.09469   0.11512   0.07875   0.06830   0.07671   0.03860   0.03994   0.02708   0.01793   0.05310   
0.05107   0.04783   0.03573   0.07101   0.02158   0.05522   0.03290   0.10952   0.09676   0.04738   0.06655   0.10783   
0.00573   0.02100   0.05637   0.01152   0.04412   0.01072   0.08864   0.09633   0.02351   0.00085   0.06451   0.09321   

0.04482   0.04165   0.03048   0.04023   
0.14849   -0.00838   -0.00567   0.00239   
0.19117   0.03380   -0.00830   0.01628   
0.02279   0.00716   0.03944   0.01692   
-0.01631   0.16867   -0.00245   -0.02431   
0.01542   0.13810   -0.01993   0.01703   
0.00850   0.02461   0.13176   0.02449   
0.00469   0.04070   0.14495   0.00060   
0.03176   0.05103   0.03291   0.04296   
0.02299   0.02015   0.03052   0.13125   
-0.02768   -0.05327   -0.00184   0.12045   
0.05932   0.03902   0.00409   0.05727   
